file_name,start_time_df,events_count_start,urls_count_start,events_count_end,urls_count_end,new_events_in_db,new_urls_in_db,time_stamp,elapsed_time
emails.py,07:46.1,0,2481,16,2484,16,3,08:36.0,0 days 00:00:49.906039
gs.py,08:42.6,16,2484,16,2484,0,0,58:44.6,0 days 01:50:01.978259
ebs.py,58:48.0,16,2484,92,2519,76,35,59:21.1,0 days 01:00:33.017781
rd_ext.py,59:27.9,92,2519,502,2578,410,59,38:29.5,0 days 00:39:01.617381
scraper.py,38:33.7,502,2578,1664,3418,1162,840,52:22.8,0 days 02:13:49.086064
fb.py,52:27.2,1664,3418,1773,3527,109,109,50:02.3,0 days 00:57:35.066923
db.py,50:05.5,1773,3527,955,2816,-818,-711,50:08.2,0 days 00:00:02.647550
clean_up.py,50:11.7,955,2816,873,2816,-82,0,50:13.7,0 days 00:00:02.042075
dedup_llm.py,50:17.2,873,2816,865,2816,-8,0,03:14.9,0 days 00:12:57.688143
irrelevant_rows.py,03:18.4,865,2816,849,2816,-16,0,16:37.5,0 days 00:13:19.053242
ebs.py,22:10.8,849,2816,882,2841,33,25,02:51.7,0 days 00:40:40.880350
ebs.py,26:54.3,852,2819,909,2862,57,43,23:49.9,0 days 00:56:55.633691
scraper.py,25:40.1,973,2894,973,2894,0,0,25:40.8,0 days 00:00:00.714879
scraper.py,32:22.1,973,2894,2010,2925,1037,31,39:09.6,0 days 00:06:47.467732
db.py,48:40.2,2010,2925,1374,2925,-636,0,48:43.8,0 days 00:00:03.614652
rd_ext.py,06:16.3,1374,2925,1375,2926,1,1,06:16.9,0 days 00:00:00.566124
scraper.py,2025-06-05 12:21:38.341420,1375,2926,1377,2928,2,2,2025-06-05 12:22:54.883735,0 days 00:01:16.542315
scraper.py,2025-06-05 12:22:46.111546,1375,2926,1379,2930,4,4,2025-06-05 12:23:35.658791,0 days 00:00:49.547245
scraper.py,2025-06-05 12:16:31.398308,1375,2926,1445,2932,70,6,2025-06-05 12:26:47.657012,0 days 00:10:16.258704
db.py,2025-06-05 12:30:31.533161,1445,2932,1382,2932,-63,0,2025-06-05 12:30:34.671722,0 days 00:00:03.138561
scraper.py,2025-06-05 12:32:20.832983,1382,2932,1384,2934,2,2,2025-06-05 12:33:06.202195,0 days 00:00:45.369212
db.py,2025-06-05 12:33:47.121964,1384,2934,1382,2934,-2,0,2025-06-05 12:33:48.265805,0 days 00:00:01.143841
db.py,2025-06-05 12:41:12.206092,1382,2934,1382,2934,0,0,2025-06-05 12:41:15.304460,0 days 00:00:03.098368
scraper.py,2025-06-05 12:41:41.258018,1382,2934,1384,2936,2,2,2025-06-05 12:42:11.418872,0 days 00:00:30.160854
db.py,2025-06-05 12:43:15.541992,1384,2936,1382,2936,-2,0,2025-06-05 12:43:18.743051,0 days 00:00:03.201059
scraper.py,2025-06-05 12:45:07.441472,1382,2936,1384,2938,2,2,2025-06-05 12:45:38.969734,0 days 00:00:31.528262
db.py,2025-06-05 12:49:15.194520,1384,2938,1382,2938,-2,0,2025-06-05 12:49:18.629065,0 days 00:00:03.434545
scraper.py,2025-06-05 12:49:56.240987,1382,2938,1408,2940,26,2,2025-06-05 12:53:42.235295,0 days 00:03:45.994308
scraper.py,2025-06-05 13:04:29.736690,1408,2940,1410,2942,2,2,2025-06-05 13:05:05.468715,0 days 00:00:35.732025
scraper.py,2025-06-05 13:07:43.033759,1410,2942,1532,2952,122,10,2025-06-05 13:08:51.603506,0 days 00:01:08.569747
db.py,2025-06-05 13:09:53.680324,1532,2952,1428,2952,-104,0,2025-06-05 13:09:55.510761,0 days 00:00:01.830437
scraper.py,2025-06-05 13:12:08.192077,1428,2952,1428,2952,0,0,2025-06-05 13:12:08.841074,0 days 00:00:00.648997
scraper.py,2025-06-05 13:12:39.880720,1428,2952,1428,2952,0,0,2025-06-05 13:12:40.531640,0 days 00:00:00.650920
db.py,2025-06-05 13:18:11.204014,1428,2952,1428,2952,0,0,2025-06-05 13:18:14.378546,0 days 00:00:03.174532
scraper.py,2025-06-05 13:18:37.600259,1428,2952,1428,2952,0,0,2025-06-05 13:18:38.329035,0 days 00:00:00.728776
scraper.py,2025-06-05 13:22:49.539431,1428,2952,1428,2952,0,0,2025-06-05 13:22:48.289226,-1 days +23:59:58.749795
scraper.py,2025-06-05 18:56:20.690548,1428,2952,2521,2993,1093,41,2025-06-05 18:59:28.646929,0 days 00:03:07.956381
db.py,2025-06-05 19:02:12.343992,2521,2993,1429,2993,-1092,0,2025-06-05 19:02:15.948456,0 days 00:00:03.604464
images.py,2025-06-05 22:31:30.051332,1429,2993,1429,2993,0,0,2025-06-05 22:31:30.341901,0 days 00:00:00.290569
images.py,2025-06-05 22:44:47.305172,1429,2993,1450,2994,21,1,2025-06-05 22:45:34.028467,0 days 00:00:46.723295
images.py,2025-06-05 22:55:51.896173,1450,2994,1472,2995,22,1,2025-06-05 22:57:04.125477,0 days 00:01:12.229304
images.py,2025-06-05 23:07:17.873226,1429,2995,1429,2995,0,0,2025-06-05 23:08:19.564511,0 days 00:01:01.691285
images.py,2025-06-05 23:25:47.126990,1429,2995,1451,2996,22,1,2025-06-05 23:27:36.866934,0 days 00:01:49.739944
images.py,2025-06-09 10:30:00.549187,1477,2999,1477,2999,0,0,2025-06-09 10:31:55.898499,0 days 00:01:55.349312
images.py,2025-06-09 10:43:12.746871,1477,2999,1479,3001,2,2,2025-06-09 10:43:22.065489,0 days 00:00:09.318618
images.py,2025-06-09 10:50:05.996435,1479,3001,1479,3001,0,0,2025-06-09 10:50:12.442582,0 days 00:00:06.446147
images.py,2025-06-09 10:57:53.017632,1479,3001,1480,3003,1,2,2025-06-09 10:58:02.133914,0 days 00:00:09.116282
images.py,2025-06-09 11:23:04.597174,1480,3003,1486,3007,6,4,2025-06-09 11:24:55.282356,0 days 00:01:50.685182
images.py,2025-06-09 11:42:26.965808,1486,3007,1492,3011,6,4,2025-06-09 11:43:36.475088,0 days 00:01:09.509280
images.py,2025-06-09 11:52:06.753901,1492,3011,1497,3014,5,3,2025-06-09 11:53:23.574682,0 days 00:01:16.820781
images.py,2025-06-09 12:06:51.495531,1497,3014,1509,3021,12,7,2025-06-09 12:08:37.271368,0 days 00:01:45.775837
images.py,2025-06-09 12:13:30.819350,1509,3021,1521,3028,12,7,2025-06-09 12:15:45.463289,0 days 00:02:14.643939
images.py,2025-06-09 12:22:49.685094,1521,3028,1567,3036,46,8,2025-06-09 12:26:23.687660,0 days 00:03:34.002566
images.py,2025-06-09 12:30:30.594314,1567,3036,1579,3043,12,7,2025-06-09 12:32:08.632694,0 days 00:01:38.038380
db.py,2025-06-10 15:53:50.661117,1451,3043,1418,3043,-33,0,2025-06-10 15:53:53.798404,0 days 00:00:03.137287
images.py,2025-06-10 17:09:02.018459,1420,3068,1425,3099,5,31,2025-06-10 17:10:32.386893,0 days 00:01:30.368434
db.py,2025-06-10 17:13:39.376343,1425,3099,1421,3099,-4,0,2025-06-10 17:13:42.797214,0 days 00:00:03.420871
emails.py,2025-06-10 17:24:00.138774,0,3099,18,3102,18,3,2025-06-10 17:25:47.566503,0 days 00:01:47.427729
gs.py,2025-06-10 17:25:51.424282,18,3102,18,3102,0,0,2025-06-10 17:31:14.954408,0 days 00:05:23.530126
ebs.py,2025-06-10 23:22:19.364648,176,3185,378,3308,202,123,2025-06-11 00:17:57.784660,0 days 00:55:38.420012
rd_ext.py,2025-06-11 10:29:34.077443,378,3308,744,3381,366,73,2025-06-11 11:14:09.783411,0 days 00:44:35.705968
scraper.py,2025-06-11 11:14:15.048102,744,3381,3112,6535,2368,3154,2025-06-11 20:07:33.992591,0 days 08:53:18.944489
fb.py,2025-06-11 22:09:49.487793,3173,6649,3187,6666,14,17,2025-06-11 22:20:05.885240,0 days 00:10:16.397447
read_pdfs.py,2025-06-11 23:09:13.711565,3187,6666,3187,6667,0,1,2025-06-11 23:09:13.744396,0 days 00:00:00.032831
read_pdfs.py,2025-06-11 23:18:29.581473,3187,6667,3187,6668,0,1,2025-06-11 23:18:30.441943,0 days 00:00:00.860470
read_pdfs.py,2025-06-11 23:25:02.789315,3187,6668,3187,6669,0,1,2025-06-11 23:25:04.873611,0 days 00:00:02.084296
read_pdfs.py,2025-06-11 23:28:27.022751,3187,6669,3187,6670,0,1,2025-06-11 23:28:27.928009,0 days 00:00:00.905258
read_pdfs.py,2025-06-11 23:33:31.676584,3187,6670,3187,6671,0,1,2025-06-11 23:33:32.544,0 days 00:00:00.867416
read_pdfs.py,2025-06-11 23:35:26.636739,3187,6671,3196,6672,9,1,2025-06-11 23:35:27.560644,0 days 00:00:00.923905
read_pdfs.py,2025-06-11 23:43:46.102698,3196,6672,3235,6673,39,1,2025-06-11 23:43:47.124153,0 days 00:00:01.021455
db.py,2025-06-11 23:45:04.099577,3235,6673,2145,6673,-1090,0,2025-06-11 23:45:10.281248,0 days 00:00:06.181671
read_pdfs.py,2025-06-11 23:51:41.824024,2145,6673,2192,6674,47,1,2025-06-11 23:51:42.898793,0 days 00:00:01.074769
db.py,2025-06-11 23:51:57.131244,2192,6674,2177,6674,-15,0,2025-06-11 23:52:01.052546,0 days 00:00:03.921302
read_pdfs.py,2025-06-11 23:56:42.726545,2106,6674,2153,6675,47,1,2025-06-11 23:56:43.726227,0 days 00:00:00.999682
read_pdfs.py,2025-06-12 00:08:43.122697,2106,6675,2145,6676,39,1,2025-06-12 00:08:44.141191,0 days 00:00:01.018494
read_pdfs.py,2025-06-12 09:56:20.300328,2147,6721,2184,6722,37,1,2025-06-12 09:56:21.359598,0 days 00:00:01.059270
read_pdfs.py,2025-06-12 09:59:46.061763,2106,6722,2143,6723,37,1,2025-06-12 09:59:47.171254,0 days 00:00:01.109491
read_pdfs.py,2025-06-12 10:08:24.001120,2143,6723,2180,6724,37,1,2025-06-12 10:08:25.100907,0 days 00:00:01.099787
read_pdfs.py,2025-06-12 10:08:55.778769,2106,6724,2143,6725,37,1,2025-06-12 10:08:56.764426,0 days 00:00:00.985657
read_pdfs.py,2025-06-12 10:23:33.349504,2106,6725,2143,6726,37,1,2025-06-12 10:23:34.347817,0 days 00:00:00.998313
read_pdfs.py,2025-06-12 10:31:15.336278,2106,6726,2143,6727,37,1,2025-06-12 10:31:16.538426,0 days 00:00:01.202148
read_pdfs.py,2025-06-12 10:32:24.910028,2143,6727,2180,6728,37,1,2025-06-12 10:32:25.914836,0 days 00:00:01.004808
read_pdfs.py,2025-06-12 10:33:09.750763,2106,6728,2143,6729,37,1,2025-06-12 10:33:10.605852,0 days 00:00:00.855089
read_pdfs.py,2025-06-12 10:35:40.448006,2106,6729,2143,6730,37,1,2025-06-12 10:35:41.448284,0 days 00:00:01.000278
read_pdfs.py,2025-06-12 10:39:11.053221,2106,6730,2153,6731,47,1,2025-06-12 10:39:12.128210,0 days 00:00:01.074989
read_pdfs.py,2025-06-12 10:50:34.170066,2106,6731,2153,6732,47,1,2025-06-12 10:50:35.264617,0 days 00:00:01.094551
read_pdfs.py,2025-06-12 12:52:35.721996,2153,6732,2193,6734,40,2,2025-06-12 12:54:45.149365,0 days 00:02:09.427369
read_pdfs.py,2025-06-12 13:00:23.678341,2106,6734,2200,6736,94,2,2025-06-12 13:03:09.423073,0 days 00:02:45.744732
read_pdfs.py,2025-06-12 13:16:10.474839,2106,6736,2538,6739,432,3,2025-06-12 13:18:06.222300,0 days 00:01:55.747461
read_pdfs.py,2025-06-12 13:41:53.327573,2452,6739,2894,6742,442,3,2025-06-12 13:45:28.378212,0 days 00:03:35.050639
read_pdfs.py,2025-06-12 14:04:51.723879,2123,6742,2565,6745,442,3,2025-06-12 14:07:02.837777,0 days 00:02:11.113898
db.py,2025-06-12 14:07:06.519988,2565,6745,1800,6745,-765,0,2025-06-12 14:07:15.027713,0 days 00:00:08.507725
db.py,2025-06-12 14:16:03.955677,1800,6745,1800,6745,0,0,2025-06-12 14:16:07.172213,0 days 00:00:03.216536
db.py,2025-06-12 15:18:38.661140,1830,7171,1810,7171,-20,0,2025-06-12 15:18:41.973503,0 days 00:00:03.312363
clean_up.py,2025-06-12 15:18:46.613637,1810,7171,1618,7171,-192,0,2025-06-12 15:18:50.499118,0 days 00:00:03.885481
dedup_llm.py,2025-06-12 15:18:54.657077,1618,7171,1531,7171,-87,0,2025-06-12 15:59:46.218784,0 days 00:40:51.561707
irrelevant_rows.py,2025-06-12 15:59:50.586287,1531,7171,1491,7171,-40,0,2025-06-12 16:27:54.100314,0 days 00:28:03.514027
read_pdfs.py,2025-06-12 19:45:41.375655,1491,7174,1491,7176,0,2,2025-06-12 19:46:11.551200,0 days 00:00:30.175545
read_pdfs.py,2025-06-12 20:25:08.887332,1491,7177,1514,7180,23,3,2025-06-12 20:27:05.017644,0 days 00:01:56.130312
read_pdfs.py,2025-06-12 20:39:59.138169,1514,7180,1514,7183,0,3,2025-06-12 20:39:59.192611,0 days 00:00:00.054442
read_pdfs.py,2025-06-12 20:53:19.564208,1514,7183,1514,7186,0,3,2025-06-12 20:53:19.620410,0 days 00:00:00.056202
db.py,2025-06-12 20:59:22.049540,1514,7186,1501,7186,-13,0,2025-06-12 20:59:24.968723,0 days 00:00:02.919183
read_pdfs.py,2025-06-12 21:12:07.139516,1501,7186,1501,7189,0,3,2025-06-12 21:12:07.197146,0 days 00:00:00.057630
db.py,2025-06-12 21:15:40.165371,1501,7189,1496,7189,-5,0,2025-06-12 21:15:42.942161,0 days 00:00:02.776790
read_pdfs.py,2025-06-12 21:20:12.905729,1496,7189,1496,7192,0,3,2025-06-12 21:20:12.965729,0 days 00:00:00.060000
read_pdfs.py,2025-06-12 21:32:47.197165,1447,7192,1491,7194,44,2,2025-06-12 21:37:18.004340,0 days 00:04:30.807175
db.py,2025-06-12 21:44:29.569821,1491,7194,1487,7194,-4,0,2025-06-12 21:44:32.297489,0 days 00:00:02.727668
read_pdfs.py,2025-06-12 21:49:06.527866,1447,7194,1494,7196,47,2,2025-06-12 21:51:57.295822,0 days 00:02:50.767956
db.py,2025-06-12 21:59:34.402977,1494,7196,1490,7196,-4,0,2025-06-12 21:59:37.186790,0 days 00:00:02.783813
rd_ext.py,2025-06-13 10:24:56.010551,1490,7196,1491,7197,1,1,2025-06-13 10:24:56.818837,0 days 00:00:00.808286
emails.py,2025-06-18 09:45:37.988880,0,7197,99,7200,99,3,2025-06-18 09:50:10.540657,0 days 00:04:32.551777
gs.py,2025-06-18 09:50:15.164942,99,7200,99,7200,0,0,2025-06-18 09:55:26.153294,0 days 00:05:10.988352
ebs.py,2025-06-18 10:21:09.372155,110,7220,283,7340,173,120,2025-06-18 11:10:52.922604,0 days 00:49:43.550449
rd_ext.py,2025-06-18 12:14:06.078565,296,7341,993,7512,697,171,2025-06-18 12:41:14.561975,0 days 00:27:08.483410
rd_ext.py,2025-06-18 12:10:00.667018,283,7340,1257,7539,974,199,2025-06-18 12:44:51.690641,0 days 00:34:51.023623
fb.py,2025-06-18 12:15:10.302970,333,7344,1819,7912,1486,568,2025-06-18 13:21:56.326917,0 days 01:06:46.023947
images.py,2025-06-18 17:35:24.019649,2190,9283,2223,9862,33,579,2025-06-18 17:53:25.208001,0 days 00:18:01.188352
scraper.py,2025-06-18 12:41:21.136685,993,7512,2228,9864,1235,2352,2025-06-18 17:54:57.197778,0 days 05:13:36.061093
rd_ext.py,2025-06-18 19:37:35.001,2228,4882,2256,4882,28,0,2025-06-18 19:38:56.622101,0 days 00:01:21.621101
read_pdfs.py,2025-06-18 19:55:22.486129,2256,4882,2256,4882,0,0,2025-06-18 19:55:22.598861,0 days 00:00:00.112732
db.py,2025-06-18 20:25:50.720833,1196,4882,1196,4882,0,0,2025-06-18 20:25:53.404208,0 days 00:00:02.683375
read_pdfs.py,2025-06-18 20:27:44.119592,1196,4882,1475,4882,279,0,2025-06-18 20:27:44.226884,0 days 00:00:00.107292
db.py,2025-06-18 22:01:20.709120,1475,4882,1475,4882,0,0,2025-06-18 22:01:23.454839,0 days 00:00:02.745719
clean_up.py,2025-06-18 22:01:28.442028,1475,4882,1340,4882,-135,0,2025-06-18 22:01:31.448387,0 days 00:00:03.006359
dedup_llm.py,2025-06-18 22:01:35.837269,1340,4882,1317,4882,-23,0,2025-06-18 22:52:21.678556,0 days 00:50:45.841287
scraper.py,2025-06-18 22:53:53.700102,1317,4882,1317,4920,0,38,2025-06-18 22:54:17.593242,0 days 00:00:23.893140
scraper.py,2025-06-18 23:00:43.393746,1635,4924,1635,4924,0,0,2025-06-18 23:00:44.113995,0 days 00:00:00.720249
scraper.py,2025-06-18 23:08:51.290372,1635,4924,2016,4924,381,0,2025-06-18 23:09:10.819914,0 days 00:00:19.529542
db.py,2025-06-18 23:15:04.503293,2016,4924,1678,4924,-338,0,2025-06-18 23:15:08.006342,0 days 00:00:03.503049
irrelevant_rows.py,2025-06-18 22:52:25.701094,1317,4882,1659,4924,342,42,2025-06-18 23:22:14.398705,0 days 00:29:48.697611
db.py,2025-06-18 23:29:32.894396,1658,4924,1656,4924,-2,0,2025-06-18 23:29:36.432873,0 days 00:00:03.538477
scraper.py,2025-06-18 23:34:33.290772,1656,4924,1754,4924,98,0,2025-06-18 23:34:34.963921,0 days 00:00:01.673149
db.py,2025-06-18 23:35:07.790497,1754,4924,1645,4924,-109,0,2025-06-18 23:35:11.129010,0 days 00:00:03.338513
db.py,2025-06-19 07:12:46.666915,1645,4924,1644,4924,-1,0,2025-06-19 07:12:49.959864,0 days 00:00:03.292949
gs.py,2025-06-19 07:58:27.874611,1644,4924,1644,4924,0,0,2025-06-19 07:58:33.137932,0 days 00:00:05.263321
db.py,2025-06-20 17:28:44.570984,1644,4924,1639,4924,-5,0,2025-06-20 17:28:48.271509,0 days 00:00:03.700525
db.py,2025-06-22 12:13:17.048557,1607,4924,1607,4924,0,0,2025-06-22 12:13:17.122120,0 days 00:00:00.073563
db.py,2025-06-22 12:15:39.066010,1607,4924,1606,4924,-1,0,2025-06-22 12:15:39.144663,0 days 00:00:00.078653
db.py,2025-06-22 12:59:03.093879,1606,4924,1606,4924,0,0,2025-06-22 12:59:03.153676,0 days 00:00:00.059797
db.py,2025-06-22 13:37:23.106453,1606,4924,1606,4924,0,0,2025-06-22 13:37:23.189670,0 days 00:00:00.083217
clean_up.py,2025-06-22 14:37:01.661207,1606,4924,1476,4924,-130,0,2025-06-22 14:37:50.726960,0 days 00:00:49.065753
clean_up.py,2025-06-22 14:38:47.868108,1476,4924,1476,4924,0,0,2025-06-22 14:39:32.453404,0 days 00:00:44.585296
